   6.8908131e-01   8.6818540e-01   5.2822286e-01   3.8146959e-01   7.7370892e-01   1.8208956e-01   8.0751820e-01   7.7434602e-01   4.3931980e-01   1.3449966e-01
   1.0000000e+00   1.0000000e+00   1.0000000e+00   1.0000000e+00   1.0000000e+00   1.0000000e+00   1.0000000e+00   1.0000000e+00   1.0000000e+00   1.0000000e+00
   1.0000000e+00   1.0000000e+00   1.0000000e+00   1.0000000e+00   1.0000000e+00   1.0000000e+00   1.0000000e+00   1.0000000e+00   1.0000000e+00   1.0000000e+00
   1.0000000e+00   1.0000000e+00   1.0000000e+00   1.0000000e+00   1.0000000e+00   1.0000000e+00   1.0000000e+00   1.0000000e+00   1.0000000e+00   1.0000000e+00
   1.0000000e+00   1.0000000e+00   1.0000000e+00   1.0000000e+00   1.0000000e+00   1.0000000e+00   1.0000000e+00   1.0000000e+00   1.0000000e+00   1.0000000e+00
   1.0000000e+00   1.0000000e+00   1.0000000e+00   1.0000000e+00   1.0000000e+00   1.0000000e+00   1.0000000e+00   1.0000000e+00   1.0000000e+00   1.0000000e+00
   1.0000000e+00   1.0000000e+00   1.0000000e+00   1.0000000e+00   1.0000000e+00   1.0000000e+00   1.0000000e+00   1.0000000e+00   1.0000000e+00   1.0000000e+00
   1.0000000e+00   1.0000000e+00   1.0000000e+00   1.0000000e+00   1.0000000e+00   1.0000000e+00   1.0000000e+00   1.0000000e+00   1.0000000e+00   1.0000000e+00
   1.0000000e+00   1.0000000e+00   1.0000000e+00   1.0000000e+00   1.0000000e+00   1.0000000e+00   1.0000000e+00   1.0000000e+00   1.0000000e+00   1.0000000e+00
   1.0000000e+00   1.0000000e+00   1.0000000e+00   1.0000000e+00   1.0000000e+00   1.0000000e+00   1.0000000e+00   1.0000000e+00   1.0000000e+00   1.0000000e+00
   1.0000000e+00   1.0000000e+00   1.0000000e+00   1.0000000e+00   1.0000000e+00   1.0000000e+00   1.0000000e+00   1.0000000e+00   1.0000000e+00   1.0000000e+00
